1	3	7	-1
1	4	14	-1
1	2	13	-1
1	5	15	-1
1	3	12	1
1	4	15	1
1	2	11	1
1	1	4	1
1	7	8	-1
1	3	10	-1
1	2	9	-1
1	9	13	-1
1	7	9	-1
1	4	5	1
1	10	15	1
1	12	16	-1
1	14	15	1
1	2	16	-1
1	3	16	-1
1	3	6	-1
1	7	10	-1
1	6	10	0
1	15	16	-1
1	4	9	-1
1	7	16	-1
1	8	9	-1
1	6	11	1
1	7	14	-1
1	2	6	-1
1	12	14	-1
2	6	7	1
2	6	8	1
2	6	9	1
2	6	10	1
2	6	11	1
2	6	12	1
2	6	13	1
2	6	14	1
2	6	15	1
2	6	16	1
2	7	8	1
2	7	9	1
2	7	10	1
2	7	11	1
2	7	12	1
2	7	13	1
2	7	14	1
2	7	15	1
2	7	16	1
2	8	9	1
2	8	10	1
2	8	11	1
2	8	12	1
2	8	13	1
2	8	14	1
2	8	15	1
2	8	16	1
2	9	10	1
2	9	11	1
2	9	12	1
2	9	13	1
2	9	14	1
2	9	15	1
2	9	16	1
2	10	11	1
2	10	12	1
2	10	13	1
2	10	14	1
2	10	15	1
2	10	16	1
2	11	12	1
2	11	13	1
2	11	14	1
2	11	15	1
2	11	16	1
2	12	13	1
2	12	14	1
2	12	15	1
2	12	16	1
2	13	14	1
2	13	15	1
2	13	16	1
2	14	15	1
2	14	16	1
2	15	16	1
6	3	5	1
6	1	11	1
6	12	13	-1
6	6	13	1
6	3	13	-1
6	1	5	1
6	5	7	-1
6	13	16	1
6	4	8	1
6	6	12	1
6	11	14	-1
6	5	13	-1
6	1	16	1
6	8	14	-1
6	2	4	-1
6	10	11	1
6	5	6	-1
6	6	8	1
6	3	15	1
6	8	10	-1
6	11	16	-1
6	8	12	1
6	4	16	0
6	1	10	-1
6	7	13	-1
6	9	16	1
6	5	12	-1
6	5	9	-1
6	7	15	1
6	5	8	-1
6	6	16	1
6	9	10	0
6	1	15	1
6	8	15	0
6	6	9	1
6	1	14	1
6	4	13	1
6	8	13	-1
6	3	14	-1
6	10	16	1
6	4	6	-1
6	5	16	-1
6	5	10	-1
6	12	15	0
6	10	12	1
6	7	11	0
6	6	15	1
6	4	10	1
8	10	16	1
8	4	6	-1
8	5	16	-1
8	5	10	-1
8	12	15	-1
8	10	12	1
8	7	11	1
8	6	15	1
9	2	8	-1
9	2	14	-1
9	4	7	1
9	1	9	1
9	1	12	1
9	7	12	1
9	9	11	1
9	3	7	-1
9	4	14	1
9	2	13	-1
9	3	12	1
9	4	15	1
9	7	8	0
9	2	11	1
9	1	4	1
9	5	15	-1
9	3	10	-1
9	2	9	-1
9	7	9	-1
9	4	5	1
9	9	13	-1
9	10	15	1
9	7	10	-1
9	3	16	-1
9	14	15	1
9	2	16	-1
9	12	16	-1
9	3	6	-1
9	1	13	0
9	6	10	1
9	15	16	-1
9	4	9	1
9	7	16	1
9	8	9	-1
9	6	11	1
9	7	14	-1
9	2	6	-1
9	12	14	-1
12	4	10	-1
12	9	12	1
12	6	14	1
12	2	8	0
12	2	14	-1
12	4	7	1
12	1	9	1
12	1	12	1
13	9	11	1
13	3	7	-1
13	4	14	1
13	2	13	-1
13	3	12	1
13	4	15	1
13	7	8	-1
13	2	11	1
13	1	4	1
13	5	15	-1
13	3	10	-1
13	2	9	-1
13	7	9	-1
13	4	5	1
13	9	13	-1
13	10	15	1
13	7	10	-1
15	1	7	1
15	1	2	1
15	2	3	-1
15	2	15	1
15	11	12	0
15	10	14	0
15	1	8	1
15	2	7	-1
15	11	15	-1
15	8	16	1
15	13	15	1
15	2	10	-1
15	5	11	-1
15	4	12	1
15	13	14	-1
15	3	9	-1
15	3	11	1
15	2	5	1
15	3	4	-1
18	9	12	1
18	6	14	1
18	2	8	1
18	2	14	-1
18	4	7	1
18	1	9	1
18	1	12	1
18	7	12	1
18	9	11	1
23	8	11	1
23	3	8	1
23	1	6	1
23	6	7	1
23	4	11	1
23	1	3	1
23	9	14	1
23	10	13	1
23	9	15	1
23	11	13	1
23	5	14	1
23	14	16	1
23	2	12	1
23	3	5	1
23	1	11	1
23	12	13	1
23	6	13	1
23	3	13	1
23	1	5	1
23	5	7	1
23	13	16	1
23	4	8	1
23	6	12	1
23	11	14	1
23	5	13	1
23	1	16	1
23	8	14	1
23	2	4	1
23	10	11	1
23	5	6	1
23	6	8	1
23	3	15	1
23	8	10	1
23	11	16	1
23	8	12	1
23	4	16	1
23	1	10	1
23	7	13	1
23	9	16	1
23	5	12	1
23	5	9	1
23	7	15	1
26	7	12	1
26	9	11	1
26	3	7	-1
26	4	14	-1
26	2	13	-1
26	3	12	1
26	4	15	1
26	7	8	1
26	2	11	1
26	1	4	1
26	5	15	-1
26	3	10	-1
26	2	9	-1
26	7	9	-1
26	4	5	1
26	9	13	1
26	10	15	1
26	7	10	-1
26	3	16	-1
26	14	15	1
27	3	16	-1
27	14	15	1
27	2	16	-1
27	12	16	-1
27	3	6	-1
27	1	13	-1
27	6	10	-1
27	15	16	-1
27	4	9	-1
27	7	16	1
27	8	9	-1
27	6	11	1
27	7	14	-1
27	2	6	-1
28	13	16	1
28	14	15	1
28	14	16	1
28	15	16	-1
28	1	2	1
28	1	3	1
28	1	4	1
28	1	5	1
29	3	12	1
29	3	13	1
29	3	14	1
29	3	15	1
29	3	16	1
29	4	5	1
29	4	6	1
29	4	7	1
29	4	8	1
29	4	9	1
29	4	10	1
29	4	11	1
29	4	12	1
29	4	13	1
29	4	14	1
29	4	15	1
29	4	16	1
29	5	6	1
29	5	7	1
29	5	8	1
29	5	9	1
29	5	10	1
29	5	11	1
29	5	12	1
29	5	13	1
29	5	14	1
29	5	15	1
29	5	16	1
29	6	7	1
29	6	8	1
29	6	9	1
29	6	10	1
29	6	11	1
29	6	12	1
29	6	13	1
29	6	14	1
29	6	15	1
29	6	16	1
29	7	8	1
29	7	9	1
29	7	10	1
29	7	11	1
29	7	12	1
29	7	13	1
29	7	14	1
29	7	15	1
29	7	16	1
29	8	9	1
29	8	10	1
29	8	11	1
29	8	12	1
29	8	13	1
29	8	14	1
29	8	15	1
29	8	16	1
29	9	10	1
29	9	11	1
29	9	12	1
30	10	12	1
30	10	13	0
30	10	14	1
30	10	14	0
30	10	15	1
30	10	16	1
30	11	12	0
30	11	13	-1
30	11	14	-1
30	11	15	-1
30	11	16	-1
30	12	13	-1
30	12	14	-1
33	9	14	1
33	9	15	1
33	9	16	1
33	10	11	1
33	10	12	1
33	10	13	1
33	10	14	1
33	10	15	1
33	10	16	-1
33	11	12	1
33	11	13	1
33	11	14	1
33	11	15	1
33	11	16	1
33	12	13	1
33	12	14	1
34	11	16	1
34	12	13	1
34	12	14	1
34	12	15	-1
34	12	16	1
34	13	14	1
34	13	15	1
34	13	16	1
34	14	15	1
35	11	16	-1
35	12	13	-1
35	12	14	-1
35	12	15	-1
35	12	16	-1
35	13	14	1
35	13	15	1
35	13	16	1
35	14	15	1
35	14	16	1
35	15	16	-1
35	1	2	1
35	1	3	1
35	1	4	1
35	1	5	1
35	1	6	0
35	1	7	1
35	1	8	1
35	1	9	1
35	1	10	0
35	1	11	1
35	1	12	1
35	1	13	1
35	1	14	1
35	1	15	1
35	1	16	0
35	2	3	0
35	2	4	-1
35	2	5	1
35	2	6	-1
35	2	7	0
35	2	8	-1
35	2	9	-1
35	2	10	-1
35	2	11	1
35	2	12	1
35	2	13	-1
35	2	14	-1
35	2	15	1
35	2	16	-1
35	3	4	-1
35	3	5	1
35	3	6	-1
35	3	7	-1
35	3	8	0
35	3	9	-1
35	3	10	-1
35	3	11	1
35	3	12	1
35	3	13	-1
35	3	14	-1
35	3	15	0
35	3	16	-1
35	4	5	1
35	4	6	1
35	4	7	1
35	4	8	1
35	4	9	0
35	4	10	-1
35	4	11	1
35	4	12	1
35	4	13	0
35	4	14	0
35	4	15	1
35	4	16	1
35	5	6	-1
35	5	7	-1
35	5	8	-1
35	5	9	-1
35	5	10	-1
35	5	11	0
35	5	12	0
35	5	13	-1
35	5	14	-1
35	5	15	-1
35	5	16	-1
35	6	7	1
35	6	8	1
35	6	9	0
35	6	10	0
35	6	11	1
35	6	12	1
35	6	13	0
35	6	14	0
35	6	15	1
35	6	16	1
35	7	8	1
35	7	9	-1
35	7	10	-1
35	7	11	1
35	7	12	1
35	7	13	-1
35	7	14	-1
35	7	15	1
35	7	16	1
35	8	9	-1
41	11	14	-1
41	5	13	-1
41	1	16	1
41	8	14	-1
41	2	4	-1
41	10	11	1
41	5	6	-1
41	6	8	1
41	3	15	1
41	8	10	-1
41	11	16	-1
41	8	12	1
43	4	14	-1
43	2	13	-1
43	3	12	1
43	4	15	1
43	7	8	1
43	2	11	1
43	1	4	1
43	5	15	-1
43	3	10	-1
43	2	9	-1
43	7	9	-1
43	4	5	1
43	9	13	1
43	10	15	1
43	7	10	-1
43	3	16	-1
43	14	15	1
43	2	16	-1
43	12	16	-1
43	3	6	-1
43	1	13	1
43	6	10	1
43	15	16	-1
43	4	9	1
43	7	16	1
43	8	9	-1
43	6	11	1
43	7	14	-1
43	2	6	-1
43	12	14	-1
44	9	13	1
44	10	15	1
44	7	10	-1
44	3	16	-1
44	14	15	1
44	2	16	-1
44	12	16	-1
44	3	6	-1
44	1	13	-1
44	6	10	-1
44	15	16	-1
44	4	9	-1
44	7	16	1
44	8	9	-1
44	6	11	1
44	7	14	-1
44	2	6	-1
49	1	3	1
49	1	4	1
49	1	5	1
49	1	6	0
49	1	7	1
49	1	8	1
49	1	9	1
49	1	10	1
49	1	11	1
49	1	12	1
49	1	13	1
49	1	14	1
49	1	15	1
49	1	16	1
49	2	3	0
49	2	4	-1
49	2	5	1
49	2	6	-1
49	2	7	0
50	4	14	0
50	2	13	-1
50	3	12	1
50	4	15	1
50	7	8	1
50	2	11	1
50	1	4	1
50	5	15	-1
50	3	10	-1
50	2	9	-1
50	7	9	-1
50	4	5	1
50	9	13	1
50	10	15	1
50	7	10	-1
50	3	16	0
50	14	15	1
50	2	16	-1
50	12	16	-1
50	3	6	-1
50	1	13	0
50	6	10	1
50	15	16	-1
50	4	9	1
50	7	16	1
50	8	9	-1
50	6	11	1
50	7	14	-1
50	2	6	-1
50	12	14	-1
50	1	7	1
50	1	2	1
50	2	3	-1
50	2	15	-1
50	11	12	0
50	10	14	-1
50	1	8	1
50	2	7	0
50	11	15	-1
51	8	9	-1
51	6	11	1
51	7	14	-1
51	2	6	-1
51	12	14	-1
51	1	7	1
51	1	2	1
51	2	3	-1
51	2	15	-1
51	11	12	1
51	10	14	-1
51	1	8	1
51	2	7	0
54	1	8	1
54	2	7	-1
54	11	15	-1
54	8	16	1
54	13	15	1
55	2	8	1
55	2	14	-1
55	4	7	1
55	1	9	1
55	1	12	1
55	7	12	1
55	9	11	1
55	3	7	-1
55	4	14	-1
55	2	13	-1
56	3	14	-1
56	10	16	1
56	4	6	-1
56	5	16	-1
56	5	10	-1
56	12	15	-1
56	10	12	1
56	7	11	1
56	6	15	1
56	4	10	-1
56	9	12	1
56	6	14	1
56	2	8	0
56	2	14	-1
56	4	7	1
56	1	9	1
56	1	12	1
56	7	12	1
56	9	11	1
56	3	7	-1
56	4	14	1
56	2	13	-1
56	3	12	1
56	4	15	1
56	7	8	0
56	2	11	1
56	1	4	1
56	5	15	-1
56	3	10	-1
56	2	9	-1
56	7	9	-1
56	4	5	1
56	9	13	-1
56	10	15	1
56	7	10	-1
56	3	16	-1
56	14	15	1
56	2	16	-1
56	12	16	-1
56	3	6	-1
56	1	13	0
56	6	10	1
56	15	16	-1
56	4	9	1
56	7	16	1
56	8	9	-1
56	6	11	1
56	7	14	-1
56	2	6	-1
56	12	14	-1
57	13	16	1
57	4	8	1
57	6	12	1
57	11	14	-1
57	5	13	-1
59	8	12	1
59	8	13	-1
59	8	14	-1
59	8	15	1
59	8	16	0
59	9	10	1
59	9	11	1
59	9	12	1
59	9	13	-1
59	9	14	1
59	9	15	1
62	3	12	1
62	4	15	1
62	7	8	0
62	2	11	1
62	1	4	1
62	5	15	-1
62	3	10	-1
62	2	9	-1
62	7	9	-1
62	4	5	1
62	9	13	-1
62	10	15	1
62	7	10	-1
62	3	16	-1
62	14	15	1
62	2	16	-1
62	12	16	-1
62	3	6	-1
62	1	13	0
62	6	10	1
62	15	16	-1
62	4	9	1
62	7	16	1
62	8	9	-1
62	6	11	1
62	7	14	-1
62	2	6	-1
62	12	14	-1
65	9	12	1
65	6	14	1
65	2	8	1
65	2	14	-1
65	4	7	1
65	1	9	1
65	1	12	1
65	7	12	1
65	9	11	1
65	3	7	-1
65	4	14	-1
65	2	13	-1
65	3	12	1
65	4	15	1
65	7	8	1
65	2	11	1
65	1	4	1
65	5	15	-1
65	3	10	-1
65	2	9	-1
65	7	9	-1
65	4	5	1
65	9	13	1
65	10	15	1
65	7	10	-1
65	3	16	-1
65	14	15	1
65	2	16	-1
65	12	16	-1
65	3	6	-1
65	1	13	-1
65	6	10	-1
65	15	16	-1
65	4	9	-1
65	7	16	1
65	8	9	-1
65	6	11	1
65	7	14	-1
65	2	6	-1
65	12	14	-1
65	1	7	1
65	1	2	1
65	2	3	1
65	2	15	0
68	1	16	1
68	8	14	-1
68	2	4	-1
68	10	11	1
68	5	6	-1
68	6	8	1
68	3	15	-1
68	8	10	-1
68	11	16	-1
68	8	12	1
68	4	16	-1
68	1	10	0
68	7	13	-1
68	9	16	1
68	5	12	-1
68	5	8	-1
68	5	9	1
68	7	15	-1
68	6	16	1
68	9	10	1
68	1	15	1
68	8	15	-1
68	6	9	1
68	1	14	1
68	4	13	-1
68	8	13	-1
68	4	6	-1
68	3	14	-1
68	10	16	1
68	5	16	-1
68	12	15	-1
68	10	12	1
68	6	15	1
68	7	11	1
68	5	10	-1
68	4	10	-1
68	9	12	1
68	4	7	1
68	6	14	-1
68	2	8	-1
68	2	14	-1
68	1	9	-1
68	1	12	1
68	7	12	1
68	9	11	1
68	3	7	-1
68	4	14	-1
68	2	13	-1
68	5	15	-1
68	3	12	1
68	4	15	1
68	2	11	1
68	1	4	1
68	7	8	1
68	3	10	-1
68	2	9	-1
68	9	13	1
68	7	9	-1
68	4	5	1
68	10	15	1
68	12	16	-1
68	14	15	1
68	2	16	-1
68	3	16	-1
68	3	6	-1
68	7	10	-1
68	6	10	-1
68	15	16	-1
68	4	9	-1
68	7	16	-1
68	8	9	-1
68	6	11	1
68	7	14	-1
68	2	6	-1
68	12	14	-1
68	1	13	1
68	1	7	1
68	1	2	1
68	2	15	-1
68	2	3	1
68	11	12	0
68	10	14	1
68	1	8	1
68	2	7	-1
68	11	15	-1
68	8	16	-1
68	13	15	1
68	2	10	-1
68	5	11	-1
68	13	14	1
68	3	11	1
68	2	5	1
68	3	4	-1
68	3	9	-1
68	4	12	1
68	8	11	1
68	3	8	-1
68	1	6	1
68	4	11	1
68	6	7	1
68	1	3	1
68	9	14	-1
68	9	15	1
68	10	13	1
68	11	13	-1
68	5	14	-1
68	14	16	1
68	2	12	1
68	3	5	1
68	1	11	1
68	12	13	-1
68	6	13	1
68	3	13	-1
72	3	5	1
72	1	11	1
72	12	13	-1
72	6	13	1
72	3	13	-1
72	1	5	1
72	5	7	-1
72	13	16	1
72	4	8	1
72	6	12	1
72	11	14	-1
72	5	13	-1
72	1	16	1
72	8	14	-1
72	2	4	-1
72	10	11	1
72	5	6	-1
72	6	8	1
72	3	15	1
72	8	10	-1
72	11	16	-1
72	8	12	1
76	8	13	-1
76	3	14	-1
76	10	16	1
76	4	6	-1
76	5	16	-1
76	5	10	-1
76	12	15	0
76	10	12	1
76	7	11	0
76	6	15	1
76	4	10	1
78	8	9	-1
78	8	10	-1
78	8	11	1
78	8	12	1
78	8	13	-1
78	8	14	-1
78	8	15	1
78	8	16	0
78	9	10	1
78	9	11	1
78	9	12	1
78	9	13	-1
78	9	14	1
78	9	15	1
78	9	16	0
79	5	9	1
79	7	15	-1
79	5	8	1
79	6	16	-1
79	9	10	1
79	1	15	-1
79	8	15	-1
79	6	9	1
79	1	14	1
79	4	13	1
79	8	13	1
80	8	11	-1
80	3	8	1
80	1	6	-1
80	6	7	1
80	4	11	-1
80	1	3	-1
80	9	14	1
80	10	13	1
80	9	15	-1
81	3	14	-1
81	10	16	1
81	4	6	1
81	5	16	-1
81	5	10	-1
81	12	15	-1
82	2	11	1
82	2	12	1
82	2	13	-1
82	2	14	-1
82	2	15	0
82	2	16	-1
82	3	4	-1
82	3	5	1
82	3	6	-1
85	1	5	1
85	5	7	-1
85	13	16	1
85	4	8	1
85	6	12	1
85	11	14	-1
85	5	13	-1
85	1	16	1
85	8	14	-1
85	2	4	-1
85	10	11	1
85	5	6	-1
85	6	8	1
85	3	15	1
85	8	10	-1
85	11	16	-1
85	8	12	1
85	4	16	1
85	1	10	0
85	7	13	-1
85	9	16	1
85	5	12	-1
85	5	9	-1
85	7	15	1
89	5	15	-1
89	3	12	1
89	4	15	1
89	2	11	1
89	1	4	1
89	7	8	-1
89	3	10	-1
89	2	9	-1
89	9	13	-1
89	7	9	-1
89	4	5	1
89	10	15	1
89	12	16	-1
89	14	15	1
89	2	16	-1
89	3	16	-1
89	3	6	-1
89	7	10	-1
89	6	10	0
89	15	16	-1
89	4	9	-1
89	7	16	-1
89	8	9	-1
89	6	11	1
89	7	14	-1
89	2	6	-1
89	12	14	-1
90	3	6	-1
90	3	7	-1
90	3	8	-1
90	3	9	-1
90	3	10	-1
90	3	11	1
90	3	12	1
90	3	13	-1
90	3	14	-1
90	3	15	1
91	3	6	-1
91	3	7	-1
91	3	8	-1
91	3	9	-1
91	3	10	-1
91	3	11	1
91	3	12	1
91	3	13	-1
91	3	14	-1
91	3	15	1
92	1	7	1
92	1	2	1
92	2	3	-1
92	2	15	1
92	11	12	0
92	10	14	0
92	1	8	1
92	2	7	-1
92	11	15	-1
92	8	16	1
92	13	15	1
92	2	10	-1
92	5	11	-1
92	4	12	1
92	13	14	-1
92	3	9	-1
92	3	11	1
92	2	5	1
92	3	4	-1
92	8	11	1
92	3	8	-1
93	5	11	-1
93	4	12	1
93	13	14	1
93	3	9	-1
93	3	11	1
93	2	5	1
93	3	4	-1
93	8	11	1
93	3	8	0
93	1	6	-1
93	6	7	1
93	4	11	1
93	1	3	1
93	9	14	0
93	10	13	0
93	9	15	1
93	11	13	-1
93	5	14	-1
93	14	16	1
94	7	12	1
94	9	11	1
94	3	7	-1
94	4	14	-1
94	2	13	-1
94	3	12	1
94	4	15	1
94	7	8	1
94	2	11	1
94	1	4	1
94	5	15	-1
94	3	10	-1
94	2	9	-1
94	7	9	-1
94	4	5	1
94	9	13	1
94	10	15	1
94	7	10	-1
94	3	16	-1
94	14	15	1
94	2	16	-1
94	12	16	-1
94	3	6	-1
94	1	13	1
94	6	10	1
94	15	16	-1
94	4	9	1
94	7	16	1
94	8	9	-1
94	6	11	1
94	7	14	-1
94	2	6	-1
94	12	14	-1
94	1	7	1
94	1	2	1
94	2	3	0
95	8	14	-1
95	2	4	-1
95	10	11	1
95	5	6	-1
95	6	8	1
95	3	15	1
95	8	10	-1
95	11	16	-1
95	8	12	1
95	4	16	1
95	1	10	0
95	7	13	-1
95	9	16	1
95	5	12	-1
95	5	9	-1
95	7	15	1
96	12	16	-1
96	13	14	1
96	13	15	1
96	13	16	1
96	14	15	1
96	14	16	1
96	15	16	-1
96	1	2	1
96	1	3	1
96	1	4	1
96	1	5	1
96	1	6	0
96	1	7	1
96	1	8	1
96	1	9	0
96	1	10	0
96	1	11	1
96	1	12	1
96	1	13	0
96	1	14	0
96	1	15	1
96	1	16	1
96	2	3	0
96	2	4	-1
96	2	5	1
96	2	6	-1
96	2	7	-1
96	2	8	0
96	2	9	-1
96	2	10	-1
96	2	11	1
96	2	12	1
96	2	13	-1
96	2	14	-1
96	2	15	1
96	2	16	-1
96	3	4	-1
96	3	5	1
96	3	6	-1
96	3	7	-1
96	3	8	-1
96	3	9	-1
96	3	10	-1
96	3	11	1
96	3	12	1
96	3	13	-1
96	3	14	-1
96	3	15	1
96	3	16	-1
96	4	5	1
96	4	6	0
96	4	7	1
96	4	8	1
96	4	9	0
96	4	10	-1
96	4	11	1
96	4	12	1
96	4	13	0
96	4	14	0
96	4	15	1
96	4	16	1
96	5	6	-1
96	5	7	-1
96	5	8	-1
97	7	9	-1
97	7	10	-1
97	7	11	1
97	7	12	1
97	7	13	-1
97	7	14	-1
98	8	16	0
98	9	10	1
98	9	11	1
98	9	12	1
98	9	13	-1
98	9	14	1
98	9	15	1
98	9	16	0
98	10	11	1
98	10	12	1
98	10	13	0
98	10	14	0
98	10	15	1
98	10	16	1
98	11	12	0
98	11	13	-1
98	11	14	-1
98	11	15	-1
98	11	16	-1
98	12	13	-1
98	12	14	-1
98	12	15	-1
98	12	16	-1
98	13	14	1
98	13	15	1
98	13	16	1
98	14	15	1
98	14	16	1
98	15	16	-1
98	1	2	1
98	1	3	1
98	1	4	1
98	1	5	1
98	1	6	1
98	1	7	1
98	1	8	1
98	1	9	1
98	1	10	0
98	1	11	1
98	1	12	1
98	1	13	1
99	8	12	1
99	8	13	1
99	8	14	1
99	8	15	1
99	8	16	1
99	9	10	1
99	9	11	1
99	9	12	1
99	9	13	1
99	9	14	1
99	9	15	1
99	9	16	1
99	10	11	1
99	10	12	1
99	10	13	1
99	10	14	1
99	10	15	1
99	10	16	1
99	11	12	1
99	11	13	1
99	11	14	1
99	11	15	1
99	11	16	1
99	12	13	1
99	12	14	1
99	12	15	1
99	12	16	1
99	13	14	1
99	13	15	1
100	10	16	1
100	4	6	-1
100	5	16	-1
100	5	10	-1
100	12	15	-1
100	10	12	1
100	7	11	1
100	6	15	1
103	3	7	1
103	3	8	1
103	3	9	1
103	3	10	1
103	3	11	-1
103	3	12	1
103	3	13	1
103	3	14	1
103	3	15	1
103	3	16	1
103	4	5	1
103	4	6	1
103	4	7	1
103	4	8	1
103	4	9	1
103	4	10	1
103	4	11	1
103	4	12	1
103	4	13	1
103	4	14	1
103	4	15	1
103	4	16	1
103	5	6	1
103	5	7	1
103	5	8	1
103	5	9	1
103	5	10	1
103	5	11	1
103	5	12	1
103	5	13	1
103	5	14	1
103	5	15	1
103	5	16	1
103	6	7	1
103	6	8	1
103	6	9	-1
103	6	10	1
103	6	11	1
103	6	12	1
103	6	13	1
103	6	14	1
103	6	15	1
103	6	16	1
103	7	8	1
103	7	9	-1
103	7	10	1
103	7	11	1
103	7	12	1
103	7	13	1
103	7	14	1
103	7	15	1
103	7	16	1
103	8	9	1
103	8	10	1
103	8	11	1
103	8	12	1
103	8	13	1
103	8	14	1
103	8	15	1
103	8	16	1
103	9	10	1
103	9	11	1
103	9	12	1
103	9	13	1
103	9	14	1
103	9	15	1
103	9	16	1
103	10	11	1
103	10	12	1
103	10	13	-1
103	10	14	1
103	10	15	1
103	10	16	1
103	11	12	1
103	11	13	1
103	11	14	1
103	11	15	1
103	11	16	1
104	13	14	1
104	13	15	1
104	13	16	1
104	14	15	1
104	14	16	1
104	15	16	-1
104	1	2	1
104	1	3	1
108	12	14	-1
108	12	15	-1
108	12	16	-1
108	13	14	1
108	13	15	1
108	13	16	1
108	14	15	1
108	14	16	1
108	15	16	-1
108	1	2	1
108	1	3	1
108	1	4	1
108	1	5	1
108	1	6	0
108	1	7	1
108	1	8	1
108	1	9	1
108	1	10	0
108	1	11	1
108	1	12	1
108	1	13	1
108	1	14	1
108	1	15	1
108	1	16	1
108	2	3	0
108	2	4	-1
108	2	5	1
108	2	6	-1
108	2	7	0
108	2	8	-1
108	2	9	-1
108	2	10	-1
108	2	11	1
108	2	12	1
108	2	13	-1
108	2	14	-1
108	2	15	1
108	2	16	-1
108	3	4	-1
108	3	5	1
108	3	6	-1
108	3	7	-1
108	3	8	0
108	3	9	-1
108	3	10	-1
108	3	11	1
108	3	12	1
108	3	13	-1
108	3	14	-1
108	3	15	0
108	3	16	-1
108	4	5	1
108	4	6	1
108	4	7	1
108	4	8	1
108	4	9	0
108	4	10	-1
108	4	11	1
108	4	12	1
108	4	13	0
108	4	14	0
108	4	15	1
108	4	16	1
108	5	6	-1
108	5	7	-1
108	5	8	-1
108	5	9	-1
108	5	10	-1
108	5	11	0
108	5	12	0
108	5	13	-1
108	5	14	-1
108	5	15	-1
108	5	16	-1
108	6	7	1
108	6	8	1
108	6	9	0
108	6	10	0
108	6	11	1
108	6	12	1
108	6	13	0
108	6	14	0
108	6	15	1
108	6	16	1
108	7	8	1
108	7	9	-1
108	7	10	-1
108	7	11	1
108	7	12	1
108	7	13	-1
108	7	14	-1
108	7	15	1
108	7	16	1
108	8	9	-1
108	8	10	-1
108	8	11	1
108	8	12	1
109	7	14	-1
109	7	15	1
109	7	16	-1
109	8	9	-1
109	8	10	-1
109	8	11	1
109	8	12	1
109	8	13	-1
109	8	14	-1
109	8	15	1
109	8	16	0
109	9	10	1
109	9	11	1
109	9	12	1
109	9	13	-1
109	9	14	1
109	9	15	1
109	9	16	0
109	10	11	1
109	10	12	1
109	10	13	0
109	10	14	0
109	10	15	1
109	10	16	1
109	11	12	0
109	11	13	-1
109	11	14	-1
109	11	15	-1
109	11	16	-1
109	12	13	-1
109	12	14	-1
109	12	15	-1
109	12	16	-1
109	13	14	1
109	13	15	1
109	13	16	1
109	14	15	1
109	14	16	1
109	15	16	-1
109	1	2	1
109	1	3	1
109	1	4	1
109	1	5	1
109	1	6	0
109	1	7	1
109	1	8	1
109	1	9	1
109	1	10	0
109	1	11	1
109	1	12	1
109	1	13	1
109	1	14	1
109	1	15	1
109	1	16	1
109	2	3	0
109	2	4	-1
109	2	5	1
109	2	6	-1
110	14	15	1
110	14	16	1
110	15	16	-1
110	1	2	1
110	1	3	1
110	1	4	1
110	1	5	1
110	1	6	0
110	1	7	1
110	1	8	1
110	1	9	0
110	1	10	0
110	1	11	1
110	1	12	1
110	1	13	0
110	1	14	0
110	1	15	1
110	1	16	1
110	2	3	0
110	2	4	-1
110	2	5	1
110	2	6	-1
110	2	7	-1
110	2	8	0
110	2	9	-1
110	2	10	-1
110	2	11	1
110	2	12	1
110	2	13	-1
110	2	14	-1
110	2	15	1
110	2	16	-1
110	3	4	-1
110	3	5	1
110	3	6	-1
110	3	7	-1
110	3	8	-1
110	3	9	-1
110	3	10	-1
110	3	11	1
110	3	12	1
110	3	13	-1
110	3	14	-1
110	3	15	1
110	3	16	-1
110	4	5	1
110	4	6	0
110	4	7	1
110	4	8	1
110	4	9	0
110	4	10	-1
110	4	11	1
110	4	12	1
110	4	13	0
110	4	14	0
112	12	14	-1
112	1	7	1
112	1	2	1
112	2	3	1
112	2	15	1
112	11	12	0
112	10	14	1
112	1	8	1
112	2	7	0
112	11	15	-1
112	8	16	1
112	13	15	1
112	2	10	-1
112	5	11	0
112	4	12	1
112	13	14	0
112	3	9	-1
112	3	11	1
112	2	5	1
112	3	4	-1
113	1	2	1
113	2	3	-1
113	2	15	1
113	11	12	0
113	10	14	0
113	1	8	1
113	2	7	-1
113	11	15	-1
113	8	16	1
113	13	15	1
113	2	10	-1
113	5	11	-1
113	4	12	1
113	13	14	-1
113	3	9	-1
113	3	11	1
113	2	5	1
113	3	4	-1
117	5	9	-1
117	5	10	-1
117	5	11	0
117	5	12	0
117	5	13	-1
117	6	13	0
117	6	14	1
117	6	15	1
117	6	16	1
117	7	8	1
117	7	9	-1
117	7	10	-1
117	7	11	1
118	12	15	-1
118	12	16	-1
118	13	14	1
118	13	15	1
118	13	16	1
118	14	15	1
118	14	16	1
118	15	16	-1
118	1	2	1
118	1	3	1
118	1	4	1
118	1	5	1
118	1	6	0
118	1	7	1
118	1	8	1
118	1	9	0
118	1	10	0
118	1	11	1
118	1	12	1
118	1	13	1
118	1	14	0
118	1	15	1
118	1	16	0
118	2	3	0
118	2	4	-1
118	2	5	1
118	2	6	-1
118	2	7	0
118	2	8	-1
118	2	9	-1
118	2	10	-1
118	2	11	1
118	2	12	1
118	2	13	-1
118	2	14	-1
118	2	15	1
118	2	16	-1
118	3	4	-1
118	3	5	1
118	3	6	-1
118	3	7	-1
118	3	8	0
118	3	9	-1
118	3	10	-1
118	3	11	1
118	3	12	1
118	3	13	-1
118	3	14	-1
118	3	15	0
118	3	16	-1
118	4	5	1
118	4	6	1
118	4	7	1
118	4	8	1
118	4	9	0
118	4	10	-1
118	4	11	1
118	4	12	1
118	4	13	0
118	4	14	0
118	4	15	1
118	4	16	1
118	5	6	-1
118	5	7	-1
118	5	8	-1
118	5	9	-1
118	5	10	-1
118	5	11	0
118	5	12	0
118	5	13	-1
118	5	14	-1
118	5	15	-1
120	8	16	0
120	9	10	1
120	9	11	1
120	9	12	1
120	9	13	-1
121	5	9	-1
121	5	10	-1
121	5	11	1
121	5	12	0
121	5	13	-1
121	6	13	1
121	6	14	0
128	7	12	1
128	9	11	1
128	3	7	-1
128	4	14	0
128	2	13	-1
128	3	12	1
128	4	15	1
128	7	8	1
128	2	11	1
128	1	4	1
128	5	15	-1
128	3	10	-1
128	2	9	-1
128	7	9	-1
128	4	5	1
128	9	13	1
128	10	15	1
128	7	10	-1
128	3	16	0
128	14	15	1
128	2	16	-1
128	12	16	-1
128	3	6	-1
128	1	13	0
128	6	10	1
128	15	16	-1
128	4	9	1
128	7	16	1
128	8	9	-1
128	6	11	1
128	7	14	-1
128	2	6	-1
128	12	14	-1
128	1	7	1
128	1	2	1
128	2	3	-1
128	2	15	-1
128	11	12	0
128	10	14	-1
128	1	8	1
128	2	7	0
128	11	15	-1
129	11	15	-1
129	11	16	-1
129	12	13	-1
129	12	14	-1
129	12	15	-1
129	12	16	-1
129	13	14	1
132	11	14	-1
132	11	15	-1
132	11	16	-1
132	12	13	-1
132	12	14	-1
132	12	15	-1
132	12	16	-1
132	13	14	1
132	13	15	1
132	13	16	1
132	14	15	1
132	14	16	1
132	15	16	-1
132	1	2	1
132	1	3	1
132	1	4	1
132	1	5	1
132	1	6	0
132	1	7	1
132	1	8	1
132	1	9	1
132	1	10	0
132	1	11	1
132	1	12	1
132	1	13	1
132	1	14	1
132	1	15	1
132	1	16	1
132	2	3	0
132	2	4	-1
132	2	5	1
132	2	6	-1
132	2	7	0
132	2	8	-1
132	2	9	-1
132	2	10	-1
132	2	11	1
132	2	12	1
132	2	13	-1
132	2	14	-1
132	2	15	1
132	2	16	-1
132	3	4	-1
132	3	5	1
132	3	6	-1
132	3	7	-1
132	3	8	0
132	3	9	-1
132	3	10	-1
132	3	11	1
132	3	12	1
132	3	13	-1
132	3	14	-1
132	3	15	0
132	3	16	-1
132	4	5	1
132	4	6	1
132	4	7	1
132	4	8	1
132	4	9	0
132	4	10	-1
132	4	11	1
132	4	12	1
132	4	13	0
132	4	14	0
132	4	15	1
132	4	16	1
132	5	6	-1
132	5	7	-1
132	5	8	-1
132	5	9	-1
132	5	10	-1
132	5	11	0
132	5	12	0
132	5	13	-1
132	5	14	-1
132	5	15	-1
132	5	16	-1
132	6	7	1
132	6	8	1
132	6	9	0
132	6	10	0
132	6	11	1
132	6	12	1
132	6	13	0
132	6	14	0
132	6	15	1
132	6	16	1
133	3	7	1
133	4	14	1
133	2	13	1
133	3	12	-1
133	4	15	-1
133	7	8	-1
133	2	11	-1
133	1	4	1
133	5	15	1
133	3	10	1
133	2	9	1
133	7	9	1
133	4	5	-1
133	9	13	0
133	10	15	-1
133	7	10	1
133	3	16	1
133	14	15	-1
133	2	16	1
133	12	16	1
133	3	6	1
133	1	13	0
133	6	10	1
133	15	16	1
133	4	9	1
133	7	16	-1
133	8	9	1
133	6	11	-1
133	7	14	1
133	2	6	1
133	12	14	1
134	7	13	-1
134	3	10	-1
134	3	11	1
134	3	12	1
134	3	13	-1
134	3	14	-1
134	3	15	-1
137	1	9	0
137	1	10	-1
137	1	11	1
137	1	12	1
137	1	13	0
137	1	14	0
137	1	15	1
139	1	11	1
139	10	16	1
139	11	12	-1
139	1	16	-1
139	2	3	1
142	12	13	-1
142	12	14	-1
142	12	15	-1
142	12	16	-1
142	13	14	0
145	6	14	1
145	6	14	1
145	6	15	1
145	6	16	1
145	7	8	1
145	7	9	-1
145	7	10	-1
148	5	6	-1
148	5	7	-1
148	5	8	-1
148	5	9	-1
148	5	10	-1
148	5	11	0
148	5	12	0
148	5	13	-1
148	6	13	0
148	6	14	0
148	6	15	1
148	6	16	1
148	7	8	1
148	7	9	-1
148	7	10	-1
148	7	11	1
148	7	13	-1
148	7	14	-1
148	7	15	1
149	1	12	1
149	1	13	0
149	1	14	1
149	1	15	1
149	1	16	1
149	2	3	0
149	2	4	-1
149	2	5	1
149	2	6	-1
149	2	7	-1
149	2	8	0
149	2	9	-1
149	2	10	-1
149	2	11	1
149	2	12	1
149	2	13	-1
149	2	14	-1
149	2	15	1
151	11	14	-1
151	11	15	-1
151	11	16	-1
151	12	13	-1
151	12	14	-1
151	12	15	-1
151	12	16	-1
151	13	14	1
151	13	15	1
151	13	16	1
151	14	15	1
151	14	16	1
151	15	16	-1
151	1	2	1
151	1	3	1
151	1	4	1
151	1	5	1
151	1	6	0
151	1	7	1
151	1	8	1
151	1	9	0
151	1	10	0
151	1	11	1
151	1	12	1
151	1	13	1
151	1	14	0
151	1	15	1
151	1	16	0
151	2	3	0
151	2	4	-1
151	2	5	1
151	2	6	-1
151	2	7	0
151	2	8	-1
151	2	9	-1
151	2	10	-1
151	2	11	1
151	2	12	1
151	2	13	-1
151	2	14	-1
151	2	15	1
151	2	16	-1
151	3	4	-1
151	3	5	1
151	3	6	-1
151	3	7	-1
151	3	8	0
151	3	9	-1
151	3	10	-1
151	3	11	1
151	3	12	1
151	3	13	-1
151	3	14	-1
151	3	15	0
151	3	16	-1
151	4	5	1
151	4	6	1
151	4	7	1
151	4	8	1
151	4	9	0
151	4	10	-1
151	4	11	1
151	4	12	1
151	4	13	0
151	4	14	0
151	4	15	1
151	4	16	1
151	5	6	-1
151	5	7	-1
151	5	8	-1
151	5	9	-1
151	5	10	-1
151	5	11	0
151	5	12	0
151	5	13	-1
151	5	14	-1
151	5	15	-1
151	5	16	-1
151	6	7	1
151	6	8	1
151	6	9	0
151	6	10	0
151	6	11	1
151	6	12	1
151	6	13	0
151	6	14	0
151	6	15	1
151	6	16	1
151	7	8	1
151	7	9	-1
151	7	10	-1
151	7	11	1
151	7	12	1
151	7	13	-1
151	7	14	-1
151	7	15	1
151	7	16	1
151	8	9	-1
151	8	10	-1
151	8	11	1
151	8	12	1
151	8	13	-1
151	8	14	-1
151	8	15	1
154	3	12	1
154	3	13	-1
154	3	14	-1
154	3	15	1
154	3	16	-1
159	13	15	1
159	2	10	-1
159	5	11	-1
159	4	12	1
159	13	14	1
159	3	9	-1
159	3	11	1
159	2	5	1
159	3	4	-1
159	8	11	1
159	3	8	0
159	1	6	-1
159	6	7	1
159	4	11	1
159	1	3	1
159	9	14	0
159	10	13	0
159	9	15	1
159	11	13	-1
159	5	14	-1
160	4	6	1
160	4	7	1
160	4	8	1
160	4	9	0
160	4	10	-1
160	4	11	1
160	4	12	1
162	7	10	-1
162	3	16	-1
162	14	15	1
162	2	16	-1
162	12	16	-1
162	3	6	-1
162	1	13	1
162	6	10	1
162	15	16	-1
162	4	9	1
162	7	16	1
162	8	9	-1
162	6	11	1
162	7	14	-1
162	2	6	-1
162	12	14	-1
162	1	7	1
162	1	2	1
162	2	3	0
164	6	14	-1
164	6	15	1
164	6	16	1
164	7	8	1
164	7	9	-1
168	3	14	-1
168	3	15	1
168	3	16	-1
168	4	5	1
168	4	6	0
168	4	7	1
168	4	8	1
168	4	9	1
168	4	10	1
168	4	11	1
168	4	12	1
168	4	13	0
168	4	14	-1
168	4	15	1
168	4	16	1
168	5	6	-1
168	5	7	-1
168	5	8	-1
168	5	9	-1
168	5	10	-1
168	5	11	0
168	5	12	0
168	5	13	-1
170	12	16	-1
170	13	14	1
170	13	15	1
170	13	16	1
170	14	15	1
170	14	16	1
170	15	16	-1
170	1	2	1
170	1	3	1
170	1	4	1
170	1	5	1
170	1	6	0
170	1	7	1
170	1	8	1
170	1	9	0
170	1	10	0
170	1	11	1
170	1	12	1
170	1	13	0
170	1	14	0
170	1	15	1
170	1	16	1
170	2	3	0
170	2	4	-1
170	2	5	1
170	2	6	-1
170	2	7	-1
170	2	8	0
170	2	9	-1
170	2	10	-1
170	2	11	1
170	2	12	1
170	2	13	-1
170	2	14	-1
170	2	15	1
170	2	16	-1
170	3	4	-1
170	3	5	1
170	3	6	-1
170	3	7	-1
170	3	8	-1
170	3	9	-1
170	3	10	-1
170	3	11	1
170	3	12	1
170	3	13	-1
170	3	14	-1
170	3	15	1
170	3	16	-1
170	4	5	1
170	4	6	0
170	4	7	1
170	4	8	1
170	4	9	0
170	4	10	-1
170	4	11	1
170	4	12	1
170	4	13	0
170	4	14	0
170	4	15	1
170	4	16	1
170	5	6	-1
170	5	7	-1
170	5	8	-1
170	5	9	-1
170	5	10	-1
170	5	11	0
170	5	12	0
170	5	13	-1
170	5	14	-1
172	9	11	1
172	9	12	1
172	9	13	-1
172	9	14	-1
172	9	15	-1
172	9	16	-1
172	10	11	1
174	5	9	-1
174	5	10	-1
174	5	11	0
174	5	12	0
174	5	13	-1
174	5	14	-1
174	5	15	-1
174	5	16	-1
174	6	7	1
174	6	8	1
174	6	9	0
174	6	10	0
174	6	11	1
174	6	12	1
174	6	13	0
177	5	15	1
177	3	10	1
177	2	9	1
177	7	9	1
177	4	5	1
177	9	13	1
177	10	15	1
177	7	10	1
177	3	16	1
177	14	15	1
177	2	16	1
177	12	16	1
177	3	6	1
177	1	13	1
177	6	10	1
177	15	16	1
177	4	9	1
177	7	16	1
177	8	9	1
177	6	11	1
177	7	14	1
177	2	6	1
177	12	14	1
177	1	7	1
177	1	2	1
177	2	3	1
177	2	15	1
177	11	12	1
177	10	14	1
177	1	8	1
177	2	7	1
177	11	15	1
177	8	16	1
177	13	15	1
177	2	10	1
177	5	11	1
177	4	12	1
177	13	14	1
177	3	9	1
177	3	11	1
177	2	5	1
177	3	4	1
177	8	11	1
177	3	8	1
177	1	6	1
177	6	7	1
177	4	11	1
177	1	3	1
177	9	14	1
177	10	13	1
177	9	15	1
177	11	13	1
177	5	14	1
177	14	16	1
177	2	12	1
177	3	5	1
177	1	11	1
177	12	13	1
177	6	13	1
177	3	13	1
177	1	5	1
177	5	7	1
177	13	16	1
177	4	8	1
177	6	12	1
177	11	14	1
177	5	13	1
177	1	16	1
177	8	14	1
177	2	4	1
177	10	11	1
177	5	6	1
177	6	8	1
177	3	15	1
177	8	10	1
177	11	16	1
177	8	12	1
178	6	12	1
178	6	13	0
178	6	14	0
178	6	15	1
178	6	16	1
178	7	8	1
180	3	10	-1
180	3	11	1
180	3	12	1
180	3	13	-1
180	3	14	-1
180	3	15	1
180	3	16	-1
180	4	5	1
180	4	6	0
180	4	7	1
180	4	8	1
180	4	9	-1
180	4	10	1
180	4	11	1
180	4	12	1
180	4	13	-1
180	4	14	-1
180	4	15	1
180	4	16	1
180	5	6	-1
180	5	7	-1
180	5	8	-1
180	5	9	-1
180	5	10	-1
180	5	11	0
180	5	12	0
180	5	13	-1
180	5	14	-1
180	5	15	-1
180	5	16	-1
180	6	7	1
180	6	8	1
180	6	9	1
180	6	10	1
180	6	11	1
180	6	12	1
180	6	13	1
180	6	14	1
180	6	15	1
180	6	16	1
180	7	8	1
180	7	9	-1
180	7	10	-1
180	7	11	1
180	7	12	1
180	7	13	-1
180	7	14	-1
180	7	15	1
180	7	16	1
181	5	6	-1
181	5	7	-1
181	5	8	-1
181	5	9	-1
181	5	10	-1
181	5	11	0
181	5	12	0
181	5	13	-1
181	6	13	0
181	6	14	1
181	6	15	1
181	6	16	1
181	7	8	1
181	7	9	-1
181	7	10	-1
182	4	16	1
182	1	10	0
182	7	13	-1
182	9	16	1
182	5	12	0
182	5	9	-1
182	7	15	1
182	5	8	-1
182	6	16	1
182	9	10	1
182	1	15	1
182	8	15	1
182	6	9	1
182	1	14	0
182	4	13	1
182	8	13	-1
182	3	14	-1
182	10	16	1
182	4	6	-1
182	5	16	-1
182	5	10	-1
182	12	15	-1
182	10	12	1
182	7	11	1
182	6	15	1
186	1	3	1
186	1	4	1
186	1	5	1
186	1	6	0
186	1	7	1
186	1	8	1
186	1	9	0
186	1	10	0
186	1	11	1
186	1	12	1
186	1	13	0
186	1	14	0
187	5	6	-1
187	5	7	-1
187	5	8	-1
187	5	9	-1
187	5	10	-1
187	5	12	0
187	5	13	-1
187	5	14	-1
187	5	15	-1
189	12	16	-1
189	13	14	1
189	13	15	1
189	13	16	1
189	14	15	1
189	14	16	1
189	15	16	-1
189	1	2	1
189	1	3	1
189	1	4	1
189	1	5	1
190	1	7	1
190	1	2	1
190	2	3	1
190	2	15	1
190	11	12	1
190	10	14	1
190	1	8	1
190	2	7	1
190	11	15	1
190	8	16	1
190	13	15	1
190	2	10	1
190	5	11	1
190	4	12	1
190	13	14	1
190	3	9	1
190	3	11	1
190	2	5	1
190	3	4	1
190	8	11	1
190	3	8	1
190	1	6	1
190	6	7	1
190	4	11	1
190	1	3	1
190	9	14	1
190	10	13	1
190	9	15	1
190	11	13	1
190	5	14	1
190	14	16	1
190	2	12	1
190	3	5	1
190	1	11	1
190	12	13	1
190	6	13	1
191	9	12	1
191	6	14	1
191	2	8	-1
191	2	14	-1
191	4	7	1
191	1	9	1
191	1	12	1
191	7	12	1
191	9	11	1
191	3	7	-1
191	4	14	-1
191	2	13	-1
191	3	12	1
191	4	15	1
191	7	8	1
191	2	11	1
191	1	4	1
195	2	15	1
195	11	12	0
195	10	14	1
195	1	8	1
195	2	7	0
195	11	15	-1
195	8	16	1
195	13	15	1
195	2	10	-1
195	5	11	0
195	4	12	1
195	13	14	0
195	3	9	-1
195	3	11	1
195	2	5	1
195	3	4	-1
198	5	15	-1
198	3	12	1
198	4	15	-1
198	2	11	1
198	1	4	1
198	7	8	-1
198	3	10	-1
198	2	9	-1
198	9	13	-1
198	7	9	-1
198	4	5	1
198	10	15	1
198	12	16	-1
198	14	15	1
198	2	16	-1
198	3	16	-1
198	3	6	-1
198	7	10	-1
198	6	10	1
198	15	16	-1
198	4	9	-1
199	3	14	-1
199	3	15	1
199	3	16	-1
199	4	5	1
199	4	6	0
199	4	7	1
199	4	8	1
199	4	9	-1
199	4	10	1
199	4	11	1
199	4	12	1
199	4	13	-1
202	5	10	-1
202	5	11	0
202	5	12	-1
202	5	13	-1
202	6	13	0
204	5	15	-1
204	3	12	1
204	4	15	1
204	2	11	1
204	1	4	1
204	7	8	-1
204	3	10	-1
204	2	9	-1
204	9	13	-1
204	7	9	-1
204	4	5	1
204	10	15	1
204	12	16	-1
204	14	15	1
204	2	16	-1
204	3	16	-1
204	3	6	-1
204	7	10	-1
204	6	10	1
204	15	16	-1
204	4	9	-1
204	7	16	-1
205	3	12	1
205	3	13	-1
205	3	14	-1
205	3	15	0
205	3	16	-1
206	8	12	1
206	4	16	-1
206	1	10	-1
206	7	13	-1
206	9	16	1
206	5	12	-1
206	5	9	-1
206	7	15	1
206	5	8	-1
206	6	16	1
206	9	10	0
206	1	15	1
206	8	15	0
206	6	9	1
206	1	14	1
206	4	13	1
206	8	13	-1
206	3	14	-1
207	6	14	1
207	6	15	1
207	6	16	1
207	7	8	1
207	7	9	1
207	7	10	1
207	7	11	-1
207	7	12	1
207	7	13	1
207	7	14	1
207	7	15	1
207	7	16	1
207	8	9	-1
207	8	10	1
207	8	11	1
207	8	12	1
207	8	13	1
207	8	14	1
207	8	15	1
207	8	16	1
207	9	10	1
207	9	11	1
207	9	12	1
207	9	13	1
207	9	14	1
207	9	15	1
207	9	16	1
207	10	11	1
207	10	12	1
207	10	13	1
207	10	14	1
207	10	15	1
207	10	16	1
207	11	12	1
207	11	13	1
207	11	14	1
207	11	15	1
207	11	16	1
207	12	13	1
207	12	14	1
207	12	15	1
207	12	16	1
207	13	14	1
207	13	15	1
207	13	16	1
207	14	15	1
207	14	16	1
207	15	16	1
208	3	11	1
208	3	12	1
208	3	13	-1
208	3	14	-1
208	3	15	0
208	3	16	-1
208	4	5	1
208	4	6	1
208	4	7	1
208	4	8	1
208	4	9	0
208	4	10	-1
208	4	11	1
208	4	12	1
209	3	15	-1
209	8	10	-1
209	11	16	-1
209	8	12	1
209	4	16	-1
209	1	10	0
209	7	13	-1
209	9	16	1
209	5	12	-1
209	5	8	-1
209	5	9	1
209	7	15	-1
209	6	16	1
209	9	10	1
209	1	15	1
209	8	15	-1
209	6	9	1
209	1	14	1
209	4	13	-1
209	8	13	-1
209	4	6	-1
209	3	14	-1
209	10	16	1
209	5	16	-1
209	12	15	-1
209	10	12	1
209	6	15	1
209	7	11	1
209	5	10	-1
209	4	10	-1
210	1	5	1
210	1	6	0
210	1	7	1
210	1	8	1
210	1	9	0
210	1	10	0
210	1	11	1
210	1	12	1
210	1	13	1
216	4	16	1
216	5	6	-1
216	5	7	-1
216	5	8	-1
216	5	9	-1
216	5	10	-1
216	5	11	0
216	5	12	0
216	5	13	-1
216	6	13	0
216	6	14	0
216	6	15	1
216	6	16	1
216	7	8	1
216	7	9	-1
216	7	10	-1
216	7	11	1
216	7	13	-1
216	7	14	-1
216	7	15	1
216	7	16	1
216	8	9	-1
220	4	16	-1
220	5	6	-1
220	5	7	-1
220	5	8	-1
220	5	9	-1
220	5	10	-1
220	5	11	0
220	5	12	0
220	5	13	-1
220	6	13	0
220	6	14	0
220	6	15	1
220	6	16	1
220	7	8	1
220	7	9	-1
221	5	7	-1
221	5	8	-1
221	5	9	-1
221	5	10	-1
221	5	11	1
221	5	12	0
221	5	13	-1
221	6	13	0
221	6	14	0
221	6	15	1
221	6	16	1
221	7	8	-1
221	7	9	1
221	7	10	-1
221	7	11	1
221	7	13	-1
221	7	14	-1
221	7	15	1
221	7	16	1
228	2	12	1
228	3	5	1
228	1	11	1
228	12	13	1
228	6	13	1
228	3	13	1
228	1	5	1
228	5	7	1
228	13	16	1
228	4	8	1
228	6	12	1
228	11	14	1
228	5	13	1
228	1	16	1
231	7	10	-1
231	7	11	1
231	7	12	1
231	7	13	-1
231	7	14	-1
231	7	15	-1
231	7	16	-1
231	8	9	-1
231	8	10	-1
231	8	11	1
231	8	12	1
231	8	13	-1
231	8	14	-1
231	8	15	0
235	1	3	1
235	1	4	1
235	1	5	1
235	1	6	0
235	1	7	1
235	1	8	1
239	1	7	1
239	1	2	1
239	2	3	1
239	2	15	1
239	11	12	-1
239	10	14	1
239	1	8	1
239	2	7	0
239	11	15	-1
239	8	16	1
239	13	15	1
239	2	10	-1
239	5	11	0
239	4	12	1
239	13	14	0
239	3	9	-1
239	3	11	1
239	2	5	1
239	3	4	-1
240	8	15	1
240	8	16	0
240	9	10	1
240	9	11	1
240	9	12	1
241	2	6	1
241	12	14	1
241	1	7	1
241	1	2	1
241	2	3	1
241	2	15	1
241	11	12	1
241	10	14	1
241	1	8	1
241	2	7	1
241	11	15	1
241	8	16	1
241	13	15	1
241	2	10	1
241	5	11	1
241	4	12	1
241	13	14	1
241	3	9	1
241	3	11	1
241	2	5	1
241	3	4	1
241	8	11	1
244	9	10	-1
244	9	11	1
244	9	12	1
244	9	13	-1
244	9	14	-1
244	9	15	1
244	9	16	1
244	10	11	1
244	10	12	1
244	10	13	1
244	10	14	1
244	10	14	-1
244	10	16	1
244	11	12	1
244	11	13	-1
244	11	14	-1
244	11	15	-1
244	11	16	-1
244	12	13	-1
244	12	14	-1
244	12	15	-1
244	12	16	-1
246	1	5	1
246	5	7	-1
246	13	16	1
246	4	8	1
246	6	12	1
246	11	14	-1
246	5	13	-1
246	1	16	1
246	8	14	-1
246	2	4	-1
246	10	11	1
246	5	6	-1
246	6	8	1
246	3	15	1
246	8	10	-1
246	11	16	-1
246	8	12	1
246	4	16	1
246	1	10	0
246	7	13	-1
246	9	16	1
246	5	12	-1
246	5	9	-1
247	7	15	1
247	7	16	1
247	8	9	-1
247	8	10	-1
247	8	11	1
247	8	12	1
247	8	13	-1
248	3	13	-1
248	1	5	1
248	5	7	-1
248	13	16	1
248	4	8	1
248	6	12	1
248	11	14	-1
248	5	13	-1
248	1	16	1
248	8	14	-1
248	2	4	-1
248	10	11	1
248	5	6	-1
248	6	8	1
248	3	15	1
248	8	10	-1
248	11	16	-1
248	8	12	1
248	4	16	1
248	1	10	-1
248	7	13	-1
248	9	16	1
248	5	12	-1
248	5	9	-1
248	7	15	1
248	5	8	-1
248	6	16	1
248	9	10	1
248	1	15	1
248	8	15	1
248	6	9	0
248	1	14	0
248	4	13	-1
248	8	13	-1
248	3	14	-1
248	10	16	1
248	4	6	1
248	5	16	-1
248	5	10	-1
248	12	15	-1
250	5	11	-1
250	4	12	1
250	13	14	-1
250	3	9	-1
250	3	11	1
250	2	5	1
250	3	4	-1
251	7	13	-1
251	9	16	1
251	5	12	1
251	5	9	-1
251	7	15	1
251	5	8	-1
251	6	16	1
251	9	10	1
251	1	15	1
251	8	15	1
251	6	9	1
251	1	14	0
251	4	13	1
251	8	13	-1
251	3	14	-1
251	10	16	1
251	4	6	-1
251	5	16	-1
251	5	10	-1
251	12	15	-1
252	3	13	-1
252	3	14	-1
252	3	15	1
252	3	16	-1
252	4	5	1
252	4	6	0
252	4	7	1
252	4	8	1
252	4	9	1
252	4	10	1
252	4	11	1
252	4	12	1
252	4	13	0
252	4	14	-1
252	4	15	1
252	4	16	1
252	5	6	-1
252	5	7	-1
252	5	8	-1
252	5	9	-1
252	5	10	-1
252	5	11	0
252	5	12	0
252	5	13	-1
252	5	14	-1
252	5	15	-1
252	5	16	-1
252	6	7	1
252	6	8	1
252	6	9	1
252	6	10	1
254	12	15	-1
254	12	16	-1
254	13	14	1
254	13	15	1
254	13	16	1
254	14	15	1
254	14	16	1
254	15	16	-1
254	1	2	1
254	1	3	1
254	1	4	1
254	1	5	1
254	1	6	0
254	1	7	1
254	1	8	1
254	1	9	1
254	1	10	0
254	1	11	1
254	1	12	1
254	1	13	1
254	1	14	1
254	1	15	1
254	1	16	1
254	2	3	0
254	2	4	-1
254	2	5	1
254	2	6	-1
254	2	7	0
254	2	8	-1
254	2	9	-1
254	2	10	-1
254	2	11	1
254	2	12	1
254	2	13	-1
254	2	14	-1
254	2	15	1
254	2	16	-1
254	3	4	-1
254	3	5	1
254	3	6	-1
254	3	7	-1
254	3	8	0
254	3	9	-1
254	3	10	-1
254	3	11	1
254	3	12	1
254	3	13	-1
254	3	14	-1
254	3	15	0
254	3	16	-1
254	4	5	1
254	4	6	1
254	4	7	1
254	4	8	1
254	4	9	0
254	4	10	-1
254	4	11	1
254	4	12	1
254	4	13	0
254	4	14	0
254	4	15	1
254	4	16	1
254	5	6	-1
254	5	7	-1
254	5	8	-1
254	5	9	-1
254	5	10	-1
254	5	11	0
254	5	12	0
254	5	13	-1
254	5	14	-1
254	5	15	-1
254	5	16	-1
254	6	7	1
254	6	8	1
254	6	9	0
254	6	10	0
254	6	11	1
254	6	12	1
254	6	13	0
254	6	14	0
254	6	15	1
254	6	16	1
254	7	8	1
254	7	9	-1
254	7	10	-1
254	7	11	1
254	7	12	1
254	7	13	-1
254	7	14	-1
254	7	15	1
254	7	16	1
254	8	9	-1
254	8	10	-1
254	8	11	1
256	5	16	-1
256	6	7	1
256	6	8	1
256	6	9	0
256	6	10	0
256	6	11	1
256	6	12	1
256	6	13	0
256	6	14	0
256	6	15	1
256	6	16	1
256	7	8	0
256	7	9	-1
257	3	12	1
257	3	13	-1
257	3	14	-1
257	3	15	1
257	3	16	-1
257	4	5	1
257	4	6	0
257	4	7	1
257	4	8	1
257	4	9	1
257	4	10	1
257	4	11	1
257	4	12	1
257	4	13	0
257	4	14	-1
257	4	15	1
257	4	16	1
257	5	6	-1
257	5	7	-1
257	5	8	-1
257	5	9	-1
257	5	10	-1
257	5	11	0
257	5	12	0
257	5	13	-1
257	5	14	-1
257	5	15	-1
257	5	16	-1
257	6	7	1
257	6	8	1
257	6	9	1
257	6	10	1
257	6	11	1
259	1	9	1
259	1	10	1
259	1	11	1
259	1	12	1
259	1	13	1
259	1	14	1
259	1	15	1
259	1	16	1
259	2	3	1
259	2	4	1
259	2	5	1
259	2	6	1
259	2	7	1
259	2	8	1
259	2	9	1
259	2	10	1
259	2	11	1
259	2	12	1
259	2	13	1
259	2	14	1
259	2	15	1
259	2	16	1
259	3	4	1
259	3	5	1
259	3	6	1
259	3	7	1
259	3	8	1
259	3	9	1
259	3	10	1
259	3	11	1
259	3	12	1
259	3	13	1
259	3	14	1
259	3	15	1
259	3	16	1
259	4	5	1
259	4	6	1
259	4	7	1
259	4	8	1
259	4	9	1
259	4	10	1
259	4	11	1
259	4	12	1
259	4	13	1
259	4	14	1
259	4	15	1
259	4	16	1
259	5	6	1
259	5	7	1
259	5	8	1
259	5	9	1
259	5	10	1
259	5	11	1
259	5	12	1
259	5	13	1
259	5	14	1
259	5	15	1
259	5	16	1
259	6	7	1
259	6	8	1
259	6	9	1
259	6	10	1
259	6	11	1
259	6	12	1
259	6	13	1
259	6	14	1
259	6	15	1
259	6	16	1
259	7	8	1
259	7	9	1
259	7	10	1
259	7	11	1
259	7	12	1
259	7	13	1
259	7	14	1
259	7	15	1
259	7	16	1
259	8	9	1
259	8	10	1
259	8	11	1
259	8	12	1
259	8	13	1
259	8	14	1
259	8	15	1
259	8	16	1
259	9	10	1
259	9	11	1
259	9	12	1
259	9	13	1
259	9	14	1
259	9	15	1
259	9	16	1
259	10	11	1
259	10	12	1
259	10	13	1
259	10	14	1
260	1	8	1
260	1	9	1
260	1	10	1
260	1	11	1
260	1	12	1
260	1	13	1
260	1	14	1
260	1	15	1
260	1	16	1
260	2	3	1
260	2	4	1
260	2	5	1
260	2	6	1
260	2	7	1
260	2	8	1
260	2	9	1
260	2	10	1
260	2	11	1
260	2	12	1
260	2	13	1
260	2	14	1
260	2	15	-1
260	2	16	1
260	3	4	1
260	3	5	1
260	3	6	1
260	3	7	1
260	3	8	1
260	3	9	1
260	3	10	1
260	3	11	1
260	3	12	1
260	3	13	1
260	3	14	1
260	3	15	1
260	3	16	1
260	4	5	1
260	4	6	1
260	4	7	1
260	4	8	1
260	4	9	1
260	4	10	1
260	4	11	1
260	4	12	1
260	4	13	1
260	4	14	1
260	4	15	1
260	4	16	1
260	5	6	1
260	5	7	1
260	5	8	-1
263	9	10	-1
263	9	11	1
263	9	12	1
263	9	13	-1
263	9	14	-1
263	9	15	1
263	9	16	1
263	10	11	1
263	10	12	1
263	10	13	1
263	10	14	1
263	10	14	-1
263	10	16	1
263	11	12	1
263	11	13	-1
263	11	14	-1
263	11	15	-1
263	11	16	-1
263	12	13	-1
263	12	14	-1
263	12	15	-1
263	12	16	-1
264	1	8	1
264	2	7	-1
264	11	15	-1
264	8	16	-1
264	13	15	1
264	2	10	-1
264	5	11	-1
264	4	12	1
264	13	14	1
264	3	9	-1
264	3	11	1
264	2	5	1
264	3	4	-1
264	8	11	1
264	3	8	0
264	1	6	-1
264	6	7	1
264	4	11	1
264	1	3	1
264	9	14	0
264	10	13	0
264	9	15	1
264	11	13	-1
264	5	14	-1
264	14	16	1
265	12	13	-1
265	12	14	-1
265	12	15	-1
265	12	16	-1
265	13	14	1
265	13	15	1
265	13	16	1
265	14	15	1
265	14	16	1
265	15	16	-1
265	1	2	1
265	1	3	1
266	3	13	-1
266	3	14	-1
266	3	15	1
266	3	16	-1
266	4	5	1
266	4	6	0
266	4	7	1
266	4	8	1
266	4	9	-1
266	4	10	1
266	4	11	1
266	4	12	1
266	4	13	-1
266	4	14	-1
266	4	15	1
266	4	16	1
266	5	6	-1
266	5	7	-1
266	5	8	-1
266	5	9	-1
266	5	10	-1
266	5	11	0
266	5	12	0
266	5	13	-1
266	5	14	-1
266	5	15	-1
266	5	16	-1
266	6	7	1
266	6	8	1
266	6	9	1
266	6	10	1
266	6	11	1
266	6	12	1
266	6	13	1
266	6	14	1
266	6	15	1
266	6	16	1
266	7	8	1
266	7	9	-1
266	7	10	-1
266	7	11	1
267	7	12	1
267	9	11	1
267	3	7	-1
267	4	14	0
267	2	13	-1
267	3	12	1
267	4	15	1
267	7	8	1
267	2	11	1
267	1	4	1
267	5	15	-1
267	3	10	-1
267	2	9	-1
267	7	9	-1
267	4	5	1
267	9	13	1
267	10	15	1
267	7	10	-1
267	3	16	0
267	14	15	1
267	2	16	-1
267	12	16	-1
267	3	6	-1
267	1	13	1
267	6	10	1
267	15	16	-1
267	4	9	1
267	7	16	1
267	8	9	-1
267	6	11	1
267	7	14	-1
267	2	6	-1
267	12	14	-1
267	1	7	1
267	1	2	1
267	2	3	-1
268	12	16	-1
268	13	14	1
268	13	15	1
268	13	16	1
268	14	15	1
268	14	16	1
268	15	16	-1
268	1	2	1
268	1	3	1
268	1	4	1
268	1	5	1
268	1	6	0
268	1	7	1
268	1	8	1
268	1	9	0
268	1	10	0
268	1	11	1
268	1	12	1
268	1	13	0
268	1	14	0
268	1	15	1
268	1	16	1
268	2	3	0
268	2	4	-1
268	2	5	1
268	2	6	-1
268	2	7	-1
268	2	8	0
268	2	9	-1
268	2	10	-1
268	2	11	1
268	2	12	1
268	2	13	-1
268	2	14	-1
268	2	15	1
268	2	16	-1
268	3	4	-1
268	3	5	1
268	3	6	-1
268	3	7	-1
268	3	8	-1
268	3	9	-1
268	3	10	-1
268	3	11	1
268	3	12	1
268	3	13	-1
268	3	14	-1
268	3	15	1
268	3	16	-1
268	4	5	1
268	4	6	0
268	4	7	1
268	4	8	1
268	4	9	0
268	4	10	-1
268	4	11	1
268	4	12	1
268	4	13	0
268	4	14	0
268	4	15	1
268	4	16	1
268	5	6	-1
268	5	7	-1
268	5	8	-1
268	5	9	-1
268	5	10	-1
268	5	11	0
268	5	12	0
268	5	13	-1
268	5	14	-1
270	5	15	-1
270	5	16	-1
270	6	7	1
270	6	8	1
270	6	9	0
270	6	10	0
271	2	4	-1
271	10	11	1
271	5	6	-1
271	6	8	1
271	3	15	-1
271	8	10	-1
271	11	16	-1
271	8	12	1
271	4	16	-1
271	1	10	1
271	7	13	-1
271	9	16	1
271	5	12	-1
271	5	8	-1
271	5	9	1
271	7	15	-1
271	6	16	1
271	9	10	1
271	1	15	1
271	8	15	-1
271	6	9	1
271	1	14	1
271	4	13	-1
271	8	13	-1
271	4	6	-1
271	3	14	-1
271	10	16	1
271	5	16	-1
271	12	15	-1
271	10	12	1
271	6	15	1
271	7	11	1
271	5	10	-1
271	4	10	-1
271	9	12	1
271	4	7	1
271	6	14	-1
271	2	8	-1
271	2	14	-1
271	1	9	-1
271	1	12	1
271	7	12	1
271	9	11	1
271	3	7	-1
271	4	14	-1
271	2	13	-1
271	5	15	-1
271	3	12	1
271	4	15	1
271	2	11	1
271	1	4	1
271	7	8	1
271	3	10	-1
271	2	9	-1
271	9	13	1
271	7	9	-1
271	4	5	1
271	10	15	1
271	12	16	-1
271	14	15	1
271	2	16	-1
271	3	16	-1
271	3	6	-1
271	7	10	-1
271	6	10	-1
271	15	16	-1
271	4	9	-1
271	7	16	-1
271	8	9	-1
271	6	11	1
271	7	14	-1
271	2	6	-1
271	12	14	-1
271	1	13	1
271	1	7	1
271	1	2	1
271	2	15	-1
271	2	3	1
271	11	12	0
271	10	14	1
271	1	8	1
271	2	7	-1
271	11	15	-1
271	8	16	-1
271	13	15	1
271	2	10	-1
271	5	11	-1
271	13	14	1
271	3	11	1
271	2	5	1
271	3	4	-1
271	3	9	-1
271	4	12	1
271	8	11	1
271	3	8	-1
271	1	6	1
271	4	11	1
271	6	7	1
271	1	3	1
271	9	14	-1
271	9	15	1
271	10	13	1
271	11	13	-1
271	5	14	-1
271	14	16	1
271	2	12	1
271	3	5	1
271	1	11	1
271	12	13	-1
271	6	13	1
272	9	12	-1
272	6	14	1
272	2	8	1
272	2	14	1
272	4	7	-1
272	1	9	1
272	1	12	-1
272	7	12	-1
272	9	11	-1
273	1	7	1
273	1	2	1
273	2	15	-1
273	2	3	1
273	11	12	0
273	10	14	1
273	1	8	1
273	2	7	-1
273	11	15	-1
273	8	16	-1
273	13	15	1
273	2	10	-1
273	5	11	-1
273	13	14	1
273	3	11	1
273	2	5	1
273	3	4	-1
273	3	9	-1
273	4	12	1
273	8	11	1
273	3	8	-1
273	1	6	1
273	4	11	1
273	6	7	1
273	1	3	1
273	9	14	-1
273	9	15	1
273	10	13	1
273	11	13	-1
273	5	14	-1
273	14	16	1
274	3	15	1
274	8	10	-1
274	11	16	-1
274	8	12	1
274	4	16	1
274	1	10	-1
274	7	13	-1
274	9	16	1
274	5	12	-1
274	5	9	-1
275	14	15	1
275	14	16	1
275	15	16	-1
275	1	2	1
275	1	3	1
275	1	4	1
275	1	5	1
275	1	6	0
275	1	7	1
275	1	8	1
275	1	9	1
275	1	10	0
275	1	11	1
275	1	12	1
275	1	13	1
275	1	14	1
275	1	15	1
275	1	16	1
275	2	3	0
275	2	4	-1
275	2	5	1
275	2	6	-1
275	2	7	0
275	2	8	-1
275	2	9	-1
275	2	10	-1
275	2	11	1
275	2	12	1
275	2	13	-1
275	2	14	-1
275	2	15	1
275	2	16	-1
275	3	4	-1
275	3	5	1
275	3	6	-1
275	3	7	-1
275	3	8	0
275	3	9	-1
275	3	10	-1
275	3	11	1
275	3	12	1
275	3	13	-1
275	3	14	-1
275	3	15	0
275	3	16	-1
275	4	5	1
275	4	6	1
275	4	7	1
275	4	8	1
275	4	9	0
275	4	10	-1
275	4	11	1
275	4	12	1
275	4	13	0
275	4	14	0
275	4	15	1
275	4	16	1
275	5	6	-1
275	5	7	-1
275	5	8	-1
275	5	9	-1
275	5	10	-1
276	3	14	-1
276	3	15	1
276	3	16	-1
276	4	5	1
276	4	6	0
276	4	7	1
276	4	8	1
276	4	9	0
279	8	14	-1
279	2	4	-1
279	10	11	1
279	5	6	-1
279	6	8	1
279	3	15	-1
279	8	10	-1
279	11	16	-1
279	8	12	1
279	4	16	-1
279	1	10	0
279	7	13	-1
279	9	16	1
279	5	12	-1
279	5	8	-1
279	5	9	1
279	7	15	-1
279	6	16	1
279	9	10	1
279	1	15	1
279	8	15	-1
279	6	9	1
279	1	14	1
279	4	13	-1
279	8	13	-1
279	4	6	-1
279	3	14	-1
279	10	16	1
279	5	16	-1
279	12	15	-1
279	10	12	1
279	6	15	1
279	7	11	1
279	5	10	-1
279	4	10	-1
279	9	12	1
279	4	7	1
279	6	14	-1
279	2	8	-1
279	2	14	-1
279	1	9	-1
279	1	12	1
279	7	12	1
279	9	11	1
279	3	7	-1
279	4	14	-1
279	2	13	-1
279	5	15	-1
279	3	12	1
279	4	15	1
279	2	11	1
279	1	4	1
279	7	8	1
279	3	10	-1
279	2	9	-1
279	9	13	1
279	7	9	-1
279	4	5	1
279	10	15	1
279	12	16	-1
279	14	15	1
279	2	16	-1
279	3	16	-1
279	3	6	-1
279	7	10	-1
279	6	10	-1
279	15	16	-1
279	4	9	-1
279	7	16	-1
279	8	9	-1
279	6	11	1
279	7	14	-1
279	2	6	-1
279	12	14	-1
279	1	13	1
279	1	7	1
279	1	2	1
279	2	15	-1
279	2	3	1
279	11	12	0
279	10	14	1
279	1	8	1
279	2	7	-1
279	11	15	-1
279	8	16	-1
279	13	15	1
279	2	10	-1
279	5	11	-1
279	13	14	1
279	3	11	1
279	2	5	1
279	3	4	-1
279	3	9	-1
279	4	12	1
279	8	11	1
279	3	8	-1
279	1	6	1
279	4	11	1
279	6	7	1
279	1	3	1
279	9	14	-1
279	9	15	1
279	10	13	1
279	11	13	-1
279	5	14	-1
279	14	16	1
279	2	12	1
279	3	5	1
279	1	11	1
279	12	13	-1
279	6	13	1
279	3	13	-1
280	5	11	1
280	4	12	-1
280	13	14	-1
280	3	9	1
280	3	11	-1
280	2	5	-1
280	3	4	1
280	8	11	-1
282	13	14	1
282	13	15	1
282	13	16	1
282	14	15	1
282	14	16	1
282	15	16	-1
282	1	2	1
283	1	2	1
283	2	3	-1
283	2	15	1
283	11	12	0
283	10	14	0
283	1	8	1
283	2	7	-1
283	11	15	-1
283	8	16	1
283	13	15	1
283	2	10	-1
283	5	11	-1
283	4	12	1
283	13	14	-1
283	3	9	-1
283	3	11	1
283	2	5	1
283	3	4	-1
285	13	15	1
285	13	16	1
285	14	15	1
285	14	16	1
285	15	16	-1
285	1	2	1
285	1	3	1
285	1	4	1
286	7	16	-1
286	8	9	-1
286	8	10	-1
286	8	11	1
286	8	12	1
286	8	13	-1
286	8	14	-1
286	8	15	1
286	8	16	0
286	9	10	1
287	7	12	1
287	9	11	1
287	3	7	1
287	4	14	1
287	2	13	1
287	3	12	1
287	4	15	1
287	7	8	1
287	2	11	1
287	1	4	1
287	5	15	1
287	3	10	1
287	2	9	1
287	7	9	1
287	4	5	1
287	9	13	1
287	10	15	1
287	7	10	1
287	3	16	1
287	14	15	1
287	2	16	1
287	12	16	1
287	3	6	1
287	1	13	1
287	6	10	1
287	15	16	1
287	4	9	1
287	7	16	1
287	8	9	1
287	6	11	1
287	7	14	1
287	2	6	1
287	12	14	1
287	1	7	1
289	6	9	1
289	1	14	1
289	4	13	1
289	8	13	-1
289	3	14	-1
289	10	16	1
289	4	6	-1
289	5	16	-1
289	5	10	-1
289	12	15	-1
292	3	5	1
292	3	6	-1
292	3	7	-1
292	3	8	-1
292	3	9	-1
297	1	7	1
297	1	2	1
297	2	3	1
297	2	15	1
297	11	12	1
297	10	14	1
297	1	8	1
297	2	7	0
297	11	15	-1
297	8	16	1
297	13	15	1
297	2	10	-1
297	5	11	0
297	4	12	1
297	13	14	0
297	3	9	-1
297	3	11	1
297	2	5	1
297	3	4	-1
298	9	11	1
298	3	7	-1
298	4	14	-1
298	2	13	-1
298	3	12	1
298	4	15	1
298	7	8	1
298	2	11	1
298	1	4	1
298	5	15	-1
298	3	10	-1
298	2	9	-1
298	7	9	-1
298	4	5	1
298	9	13	1
298	10	15	1
298	7	10	-1
298	3	16	-1
298	14	15	1
298	2	16	-1
298	12	16	-1
298	3	6	-1
298	1	13	1
298	6	10	1
298	15	16	-1
298	4	9	1
298	7	16	1
298	8	9	-1
298	6	11	1
298	7	14	-1
298	2	6	-1
298	12	14	-1
299	5	8	-1
299	5	12	0
299	5	13	-1
299	6	13	0
299	6	14	0
299	6	15	1
299	6	16	1
299	7	8	1
299	7	9	-1
299	7	10	-1
299	7	11	1
299	7	13	-1
299	7	14	-1
299	7	15	1
300	11	12	1
300	11	13	1
300	11	14	1
300	11	15	1
300	11	16	1
300	12	13	1
300	12	14	1
300	12	15	1
300	12	16	1
300	13	14	1
300	13	15	1
303	5	11	-1
303	4	12	1
303	13	14	1
303	3	9	-1
303	3	11	1
303	2	5	1
303	3	4	-1
303	8	11	1
303	3	8	1
303	1	6	-1
303	6	7	1
303	4	11	1
303	1	3	1
303	9	14	0
303	10	13	0
303	9	15	1
303	11	13	-1
304	9	12	1
304	9	13	1
304	9	14	1
304	9	15	1
304	9	16	1
304	10	11	1
304	10	12	1
304	10	13	1
304	10	14	1
304	10	15	1
304	10	16	1
304	11	12	1
304	11	13	1
304	11	14	-1
304	11	15	1
304	11	16	1
304	12	13	1
304	12	14	1
307	2	4	-1
307	10	11	1
307	5	6	-1
307	6	8	1
307	3	15	1
307	8	10	-1
307	11	16	-1
307	8	12	1
308	4	12	1
308	4	13	-1
308	4	14	-1
308	4	15	1
308	4	16	1
308	5	6	-1
308	5	7	-1
308	5	8	-1
308	5	9	-1
308	5	10	-1
308	5	11	-1
308	5	12	-1
308	5	13	-1
309	4	12	1
309	4	13	-1
309	4	14	-1
309	4	15	1
309	4	16	1
309	5	6	-1
309	5	7	-1
309	5	8	-1
309	5	9	-1
309	5	10	-1
309	5	11	-1
309	5	12	-1
309	5	13	-1
310	14	16	1
310	15	16	-1
310	1	2	1
310	1	3	1
310	1	4	1
310	1	5	1
310	1	6	0
310	1	7	1
310	1	8	1
310	1	9	1
310	1	10	0
310	1	11	1
310	1	12	1
310	1	13	1
310	1	14	1
310	1	15	1
310	1	16	1
310	2	3	0
310	2	4	-1
310	2	5	1
310	2	6	-1
310	2	7	-1
310	2	8	-1
310	2	9	-1
310	2	10	-1
310	2	11	1
310	2	12	1
310	2	13	-1
310	2	14	-1
310	2	15	1
310	2	16	-1
310	3	4	-1
310	3	5	1
310	3	6	-1
310	3	7	-1
310	3	8	0
310	3	9	-1
310	3	10	-1
310	3	11	1
310	3	12	1
310	3	13	-1
310	3	14	-1
310	3	15	0
310	3	16	-1
310	4	5	1
310	4	6	1
310	4	7	1
310	4	8	1
310	4	9	0
310	4	10	-1
310	4	11	1
310	4	12	1
310	4	13	0
310	4	14	0
310	4	15	1
310	4	16	1
310	5	6	-1
310	5	7	-1
310	5	8	-1
311	9	11	1
311	9	12	1
311	9	13	-1
311	9	14	-1
311	9	15	1
311	9	16	1
311	10	11	1
311	10	12	1
311	10	13	1
311	10	14	1
311	10	14	-1
311	10	16	1
311	11	12	1
311	11	13	-1
311	11	14	-1
311	11	15	-1
311	11	16	-1
311	12	13	-1
311	12	14	-1
311	12	15	-1
311	12	16	-1
317	1	6	1
317	1	7	1
317	1	8	1
317	1	9	1
317	1	10	1
317	1	11	1
317	1	12	1
317	1	13	1
317	1	14	1
317	1	15	1
317	1	16	1
317	2	3	1
317	2	4	1
317	2	5	1
317	2	6	1
317	2	7	1
317	2	8	1
317	2	9	1
317	2	10	1
317	2	11	1
318	8	10	-1
318	8	11	1
318	8	12	1
318	8	13	-1
318	8	14	-1
318	8	15	1
318	8	16	0
318	9	10	1
321	5	9	-1
321	5	10	-1
321	5	11	0
321	5	12	0
321	5	13	-1
321	6	13	0
321	6	14	0
321	6	15	1
321	6	16	1
321	7	8	1
321	7	9	-1
321	7	10	-1
321	7	11	1
321	7	13	-1
321	7	14	-1
321	7	15	1
321	7	16	1
322	4	9	-1
322	4	10	-1
322	4	11	1
322	4	12	1
322	4	13	-1
322	4	14	-1
322	4	15	1
322	4	16	1
322	5	6	-1
322	5	7	-1
322	5	8	-1
322	5	9	-1
322	5	10	-1
322	5	11	-1
322	5	12	-1
322	5	13	-1
322	5	14	-1
322	5	15	-1
322	5	16	-1
322	6	7	1
322	6	8	1
322	6	9	1
322	6	10	0
322	6	11	1
322	6	12	1
322	6	13	0
322	6	14	0
322	6	15	1
322	6	16	1
322	7	8	1
328	6	12	1
328	11	14	-1
328	5	13	-1
328	1	16	1
328	8	14	-1
328	2	4	-1
328	10	11	1
328	5	6	-1
328	6	8	1
328	3	15	1
328	8	10	-1
328	11	16	-1
328	8	12	1
328	4	16	1
328	1	10	0
328	7	13	-1
328	9	16	1
328	5	12	-1
328	5	9	-1
330	3	14	-1
330	10	16	1
330	4	6	1
330	5	16	-1
330	5	10	-1
330	12	15	-1
331	9	16	1
331	5	12	-1
331	5	9	-1
331	7	15	1
331	5	8	-1
331	6	16	1
331	9	10	1
331	1	15	1
331	8	15	1
331	6	9	0
332	1	10	1
332	7	13	-1
332	9	16	1
332	5	12	0
332	5	9	-1
332	7	15	1
332	5	8	-1
332	6	16	1
332	9	10	1
332	1	15	1
332	8	15	1
332	6	9	1
332	1	14	0
332	4	13	1
332	8	13	-1
332	3	14	-1
332	10	16	1
332	4	6	-1
332	5	16	-1
332	5	10	-1
332	12	15	-1
332	10	12	1
332	7	11	1
332	6	15	1
334	1	3	1
334	1	4	1
334	1	5	1
334	1	6	1
334	1	7	1
334	1	8	1
334	1	9	1
334	1	10	1
334	1	11	1
334	1	12	1
334	1	13	1
334	1	14	1
334	1	15	1
334	1	16	1
334	2	3	1
334	2	4	1
334	2	5	1
334	2	6	1
334	2	7	1
334	2	8	1
334	2	9	1
334	2	10	1
334	2	11	1
334	2	12	1
334	2	13	1
334	2	14	1
334	2	15	1
334	2	16	1
334	3	4	1
334	3	5	1
334	3	6	1
334	3	7	1
334	3	8	1
334	3	9	1
334	3	10	1
334	3	11	1
334	3	12	1
334	3	13	1
334	3	14	1
334	3	15	1
334	3	16	1
334	4	5	1
334	4	6	1
334	4	7	1
334	4	8	1
334	4	9	1
334	4	10	1
334	4	11	1
334	4	12	1
334	4	13	1
334	4	14	1
334	4	15	1
334	4	16	1
334	5	6	1
334	5	7	1
334	5	8	1
334	5	9	1
334	5	10	1
334	5	11	1
334	5	12	1
334	5	13	1
334	5	14	1
334	5	15	1
334	5	16	1
334	6	7	1
334	6	8	1
334	6	9	1
334	6	10	1
334	6	11	1
334	6	12	1
334	6	13	1
334	6	14	1
334	6	15	1
334	6	16	1
334	7	8	1
334	7	9	1
334	7	10	1
334	7	11	1
334	7	12	1
334	7	13	1
334	7	14	1
334	7	15	1
334	7	16	1
334	8	9	1
334	8	10	1
334	8	11	1
334	8	12	1
334	8	13	1
334	8	14	1
334	8	15	1
335	7	13	-1
335	9	16	1
335	5	12	-1
335	5	9	-1
335	7	15	1
335	5	8	-1
335	6	16	1
335	9	10	1
335	1	15	1
335	8	15	1
335	6	9	1
335	1	14	0
335	4	13	1
335	8	13	-1
335	3	14	-1
335	10	16	1
335	4	6	-1
335	5	16	-1
335	5	10	-1
335	12	15	-1
335	10	12	1
335	7	11	1
335	6	15	1
337	1	15	1
337	1	16	1
337	2	3	1
337	2	4	-1
337	2	5	1
337	2	5	1
337	2	6	-1
337	2	7	-1
337	2	8	-1
338	5	11	-1
338	4	12	1
338	13	14	-1
338	3	9	-1
338	3	11	1
338	2	5	1
338	3	4	-1
342	2	15	1
342	11	12	0
342	10	14	0
342	1	8	1
342	2	7	-1
342	11	15	-1
342	8	16	1
342	13	15	1
342	2	10	-1
342	5	11	-1
342	4	12	1
342	13	14	-1
342	3	9	-1
342	3	11	1
342	2	5	1
342	3	4	-1